% colors %%%%%%%%%%%%%%%%%%%%%%%%%%%%%%%%%%%%%%%%%%%%%%%%%%%%%%%%%%%%%%%%%%%%%%%%%%%%%%%%%%%%%%%%%%%%%%%%%%%%%%%%%
white = [255,255,255]; 
light_grey = [210,210,210]; 
grey = [180,180,180];
dark_grey = [80,80,80];
black = [0,0,0];

red = [255,0,0];
dark_orange = [250,100,50];
orange = [255,153,0];

yellow = [255,255,0];
yellow_1 = [250,200,80];
light_yellow = [237,233,119];

light_green = [0,255,0];
green_1=[50,230,130];
green_2=[50,125,0];
dark_green = [40,140,28];
pastel_green = [157,237,159];

dark_blue = [0,0,255];
blue_1=[0,100,200];
light_blue_1=[120,229,249];
mauve=[200,100,255];%mauve
blue_3=[125,200,250];

purple = [255,0,255];%fuschia
purple_1 = [255,0,180];%rose
purple_2 = [199,21,197];%violet
violet_f = [113,87,145];
violet = [159,2,165];

pink = [255,0,180];
rose = [254,2,215];
pastel_pink = [253,204,175];

brown = [179,109,26];
dark_brown = [168,74,30];
